0000,2222
0001,2222
0002,2222
0003,2222
0004,2222
0005,2222
0006,2222
0007,2222
0008,2222
0009,2222
0010,2222
0011,2222
0012,2222
0013,2222
0014,2222
0015,2222
0016,2222
0017,2222
0018,2222
0019,2222
0020,2222
0021,2222
0022,2222
0023,2222
0024,2222
0025,2222
0026,2222
0027,2222
0028,2222
0029,2222
0030,2222
0031,2222
0032,2222
0033,2222
0034,2222
0035,2222
0036,2222
0037,2222
0038,2222
0039,2222
0040,2222
0041,2222
0042,2222
0043,2222
0044,2222
0045,2222
0046,2222
0047,2222
0048,2222
0049,2222
0050,2222
0051,2222
0052,2222
0053,2222
0054,2222
0055,2222
0056,2222
0057,2222
0058,2222
0059,2222
0060,2222
0061,2222
0062,2222
0063,2222
0064,2222
0065,2222
0066,2222
0067,2222
0068,2222
0069,2222
0070,2222
0071,2222
0072,2222
0073,2222
0074,2222
0075,2222
0076,2222
0077,2222
0078,2222
0079,2222
0080,2222
0081,2222
0082,2222
0083,2222
0084,2222
0085,2222
0086,2222
0087,2222
0088,2222
0089,2222
0090,2222
0091,2222
0092,2222
0093,2222
0094,2222
0095,2222
0096,2222
0097,2222
0098,2222
0099,2222
0100,2222
0101,2222
0102,2222
0103,2222
0104,2222
0105,2222
0106,2222
0107,2222
0108,2222
0109,2222
0110,2222
0111,2222
0112,2222
0113,2222
0114,2222
0115,2222
0116,2222
0117,2222
0118,2222
0119,2222
0120,2222
0121,2222
0122,2222
0123,2222
0124,2222
0125,2222
0126,2222
0127,2222
0128,2222
0129,2222
0130,2222
0131,2222
0132,2222
0133,2222
0134,2222
0135,2222
0136,2222
0137,2222
0138,2222
0139,2222
0140,2222
0141,2222
0142,2222
0143,2222
0144,2222
0145,2222
0146,2222
0147,2222
0148,2222
0149,2222
0150,2222
0151,2222
0152,2222
0153,2222
0154,2222
0155,2222
0156,2222
0157,2222
0158,2222
0159,2222
0160,2222
0161,2222
0162,2222
0163,2222
0164,2222
0165,2222
0166,2222
0167,2222
0168,2222
0169,2222
0170,2222
0171,2222
0172,2222
0173,2222
0174,2222
0175,2222
0176,2222
0177,2222
0178,2222
0179,2222
0180,2222
0181,2222
0182,2222
0183,2222
0184,2222
0185,2222
0186,2222
0187,2222
0188,2222
0189,2222
0190,2222
0191,2222
0192,2222
0193,2222
0194,2222
0195,2222
0196,2222
0197,2222
0198,2222
0199,2222
0200,2222
0201,2222
0202,2222
0203,2222
0204,2222
0205,2222
0206,2222
0207,2222
0208,2222
0209,2222
0210,2222
0211,2222
0212,2222
0213,2222
0214,2222
0215,2222
0216,2222
0217,2222
0218,2222
0219,2222
0220,2222
0221,2222
0222,2222
0223,2222
0224,2222
0225,2222
0226,2222
0227,2222
0228,2222
0229,2222
0230,2222
0231,2222
0232,2222
0233,2222
0234,2222
0235,2222
0236,2222
0237,2222
0238,2222
0239,2222
0240,2222
0241,2222
0242,2222
0243,2222
0244,2222
0245,2222
0246,2222
0247,2222
0248,2222
0249,2222
0250,2222
0251,2222
0252,2222
0253,2222
0254,2222
0255,2222
0256,2222
0257,2222
0258,2222
0259,2222
0260,2222
0261,2222
0262,2222
0263,2222
0264,2222
0265,2222
0266,2222
0267,2222
0268,2222
0269,2222
0270,2222
0271,2222
0272,2222
0273,2222
0274,2222
0275,2222
0276,2222
0277,2222
0278,2222
0279,2222
0280,2222
0281,2222
0282,2222
0283,2222
0284,2222
0285,2222
0286,2222
0287,2222
0288,2222
0289,2222
0290,2222
0291,2222
0292,2222
0293,2222
0294,2222
0295,2222
0296,2222
0297,2222
0298,2222
0299,2222
0300,2222
0301,2222
0302,2222
0303,2222
0304,2222
0305,2222
0306,2222
0307,2222
0308,2222
0309,2222
0310,2222
0311,2222
0312,2222
0313,2222
0314,2222
0315,2222
0316,2222
0317,2222
0318,2222
0319,2222
0320,2222
0321,2222
0322,2222
0323,2222
0324,2222
0325,2222
0326,2222
0327,2222
0328,2222
0329,2222
0330,2222
0331,2222
0332,2222
0333,2222
0334,2222
0335,2222
0336,2222
0337,2222
0338,2222
0339,2222
0340,2222
0341,2222
0342,2222
0343,2222
0344,2222
0345,2222
0346,2222
0347,2222
0348,2222
0349,2222
0350,2222
0351,2222
0352,2222
0353,2222
0354,2222
0355,2222
0356,2222
0357,2222
0358,2222
0359,2222
0360,2222
0361,2222
0362,2222
0363,2222
0364,2222
0365,2222
0366,2222
0367,2222
0368,2222
0369,2222
0370,2222
0371,2222
0372,2222
0373,2222
0374,2222
0375,2222
0376,2222
0377,2222
0378,2222
0379,2222
0380,2222
0381,2222
0382,2222
0383,2222
0384,2222
0385,2222
0386,2222
0387,2222
0388,2222
0389,2222
0390,2222
0391,2222
0392,2222
0393,2222
0394,2222
0395,2222
0396,2222
0397,2222
0398,2222
0399,2222
0400,2222
0401,2222
0402,2222
0403,2222
0404,2222
0405,2222
0406,2222
0407,2222
0408,2222
0409,2222
0410,2222
0411,2222
0412,2222
0413,2222
0414,2222
0415,2222
0416,2222
0417,2222
0418,2222
0419,2222
0420,2222
0421,2222
0422,2222
0423,2222
0424,2222
0425,2222
0426,2222
0427,2222
0428,2222
0429,2222
0430,2222
0431,2222
0432,2222
0433,2222
0434,2222
0435,2222
0436,2222
0437,2222
0438,2222
0439,2222
0440,2222
0441,2222
0442,2222
0443,2222
0444,2222
0445,2222
0446,2222
0447,2222
0448,2222
0449,2222
0450,2222
0451,2222
0452,2222
0453,2222
0454,2222
0455,2222
0456,2222
0457,2222
0458,2222
0459,2222
0460,2222
0461,2222
0462,2222
0463,2222
0464,2222
0465,2222
0466,2222
0467,2222
0468,2222
0469,2222
0470,2222
0471,2222
0472,2222
0473,2222
0474,2222
0475,2222
0476,2222
0477,2222
0478,2222
0479,2222
0480,2222
0481,2222
0482,2222
0483,2222
0484,2222
0485,2222
0486,2222
0487,2222
0488,2222
0489,2222
0490,2222
0491,2222
0492,2222
0493,2222
0494,2222
0495,2222
0496,2222
0497,2222
0498,2222
0499,2222
0500,2222
0501,2222
0502,2222
0503,2222
0504,2222
0505,2222
0506,2222
0507,2222
0508,2222
0509,2222
0510,2222
0511,2222
0512,2222
0513,2222
0514,2222
0515,2222
0516,2222
0517,2222
0518,2222
0519,2222
0520,2222
0521,2222
0522,2222
0523,2222
0524,2222
0525,2222
0526,2222
0527,2222
0528,2222
0529,2222
0530,2222
0531,2222
0532,2222
0533,2222
0534,2222
0535,2222
0536,2222
0537,2222
0538,2222
0539,2222
0540,2222
0541,2222
0542,2222
0543,2222
0544,2222
0545,2222
0546,2222
0547,2222
0548,2222
0549,2222
0550,2222
0551,2222
0552,2222
0553,2222
0554,2222
0555,2222
0556,2222
0557,2222
0558,2222
0559,2222
0560,2222
0561,2222
0562,2222
0563,2222
0564,2222
0565,2222
0566,2222
0567,2222
0568,2222
0569,2222
0570,2222
0571,2222
0572,2222
0573,2222
0574,2222
0575,2222
0576,2222
0577,2222
0578,2222
0579,2222
0580,2222
0581,2222
0582,2222
0583,2222
0584,2222
0585,2222
0586,2222
0587,2222
0588,2222
0589,2222
0590,2222
0591,2222
0592,2222
0593,2222
0594,2222
0595,2222
0596,2222
0597,2222
0598,2222
0599,2222
0600,2222
0601,2222
0602,2222
0603,2222
0604,2222
0605,2222
0606,2222
0607,2222
0608,2222
0609,2222
0610,2222
0611,2222
0612,2222
0613,2222
0614,2222
0615,2222
0616,2222
0617,2222
0618,2222
0619,2222
0620,2222
0621,2222
0622,2222
0623,2222
0624,2222
0625,2222
0626,2222
0627,2222
0628,2222
0629,2222
0630,2222
0631,2222
0632,2222
0633,2222
0634,2222
0635,2222
0636,2222
0637,2222
0638,2222
0639,2222
0640,2222
0641,2222
0642,2222
0643,2222
0644,2222
0645,2222
0646,2222
0647,2222
0648,2222
0649,2222
0650,2222
0651,2222
0652,2222
0653,2222
0654,2222
0655,2222
0656,2222
0657,2222
0658,2222
0659,2222
0660,2222
0661,2222
0662,2222
0663,2222
0664,2222
0665,2222
0666,2222
0667,2222
0668,2222
0669,2222
0670,2222
0671,2222
0672,2222
0673,2222
0674,2222
0675,2222
0676,2222
0677,2222
0678,2222
0679,2222
0680,2222
0681,2222
0682,2222
0683,2222
0684,2222
0685,2222
0686,2222
0687,2222
0688,2222
0689,2222
0690,2222
0691,2222
0692,2222
0693,2222
0694,2222
0695,2222
0696,2222
0697,2222
0698,2222
0699,2222
0700,2222
0701,2222
0702,2222
0703,2222
0704,2222
0705,2222
0706,2222
0707,2222
0708,2222
0709,2222
0710,2222
0711,2222
0712,2222
0713,2222
0714,2222
0715,2222
0716,2222
0717,2222
0718,2222
0719,2222
0720,2222
0721,2222
0722,2222
0723,2222
0724,2222
0725,2222
0726,2222
0727,2222
0728,2222
0729,2222
0730,2222
0731,2222
0732,2222
0733,2222
0734,2222
0735,2222
0736,2222
0737,2222
0738,2222
0739,2222
0740,2222
0741,2222
0742,2222
0743,2222
0744,2222
0745,2222
0746,2222
0747,2222
0748,2222
0749,2222
0750,2222
0751,2222
0752,2222
0753,2222
0754,2222
0755,2222
0756,2222
0757,2222
0758,2222
0759,2222
0760,2222
0761,2222
0762,2222
0763,2222
0764,2222
0765,2222
0766,2222
0767,2222
0768,2222
0769,2222
0770,2222
0771,2222
0772,2222
0773,2222
0774,2222
0775,2222
0776,2222
0777,2222
0778,2222
0779,2222
0780,2222
0781,2222
0782,2222
0783,2222
0784,2222
0785,2222
0786,2222
0787,2222
0788,2222
0789,2222
0790,2222
0791,2222
0792,2222
0793,2222
0794,2222
0795,2222
0796,2222
0797,2222
0798,2222
0799,2222
0800,2222
0801,2222
0802,2222
0803,2222
0804,2222
0805,2222
0806,2222
0807,2222
0808,2222
0809,2222
0810,2222
0811,2222
0812,2222
0813,2222
0814,2222
0815,2222
0816,2222
0817,2222
0818,2222
0819,2222
0820,2222
0821,2222
0822,2222
0823,2222
0824,2222
0825,2222
0826,2222
0827,2222
0828,2222
0829,2222
0830,2222
0831,2222
0832,2222
0833,2222
0834,2222
0835,2222
0836,2222
0837,2222
0838,2222
0839,2222
0840,2222
0841,2222
0842,2222
0843,2222
0844,2222
0845,2222
0846,2222
0847,2222
0848,2222
0849,2222
0850,2222
0851,2222
0852,2222
0853,2222
0854,2222
0855,2222
0856,2222
0857,2222
0858,2222
0859,2222
0860,2222
0861,2222
0862,2222
0863,2222
0864,2222
0865,2222
0866,2222
0867,2222
0868,2222
0869,2222
0870,2222
0871,2222
0872,2222
0873,2222
0874,2222
0875,2222
0876,2222
0877,2222
0878,2222
0879,2222
0880,2222
0881,2222
0882,2222
0883,2222
0884,2222
0885,2222
0886,2222
0887,2222
0888,2222
0889,2222
0890,2222
0891,2222
0892,2222
0893,2222
0894,2222
0895,2222
0896,2222
0897,2222
0898,2222
0899,2222
0900,2222
0901,2222
0902,2222
0903,2222
0904,2222
0905,2222
0906,2222
0907,2222
0908,2222
0909,2222
0910,2222
0911,2222
0912,2222
0913,2222
0914,2222
0915,2222
0916,2222
0917,2222
0918,2222
0919,2222
0920,2222
0921,2222
0922,2222
0923,2222
0924,2222
0925,2222
0926,2222
0927,2222
0928,2222
0929,2222
0930,2222
0931,2222
0932,2222
0933,2222
0934,2222
0935,2222
0936,2222
0937,2222
0938,2222
0939,2222
0940,2222
0941,2222
0942,2222
0943,2222
0944,2222
0945,2222
0946,2222
0947,2222
0948,2222
0949,2222
0950,2222
0951,2222
0952,2222
0953,2222
0954,2222
0955,2222
0956,2222
0957,2222
0958,2222
0959,2222
0960,2222
0961,2222
0962,2222
0963,2222
0964,2222
0965,2222
0966,2222
0967,2222
0968,2222
0969,2222
0970,2222
0971,2222
0972,2222
0973,2222
0974,2222
0975,2222
0976,2222
0977,2222
0978,2222
0979,2222
0980,2222
0981,2222
0982,2222
0983,2222
0984,2222
0985,2222
0986,2222
0987,2222
0988,2222
0989,2222
0990,2222
0991,2222
0992,2222
0993,2222
0994,2222
0995,2222
0996,2222
0997,2222
0998,2222
0999,2222
1000,2222
1001,2222
1002,2222
1003,2222
1004,2222
1005,2222
1006,2222
1007,2222
1008,2222
1009,2222
1010,2222
1011,2222
1012,2222
1013,2222
1014,2222
1015,2222
1016,2222
1017,2222
1018,2222
1019,2222
1020,2222
1021,2222
1022,2222
1023,2222
1024,2222
1025,2222
1026,2222
1027,2222
1028,2222
1029,2222
1030,2222
1031,2222
1032,2222
1033,2222
1034,2222
1035,2222
1036,2222
1037,2222
1038,2222
1039,2222
1040,2222
1041,2222
1042,2222
1043,2222
1044,2222
1045,2222
1046,2222
1047,2222
1048,2222
1049,2222
1050,2222
1051,2222
1052,2222
1053,2222
1054,2222
1055,2222
1056,2222
1057,2222
1058,2222
1059,2222
1060,2222
1061,2222
1062,2222
1063,2222
1064,2222
1065,2222
1066,2222
1067,2222
1068,2222
1069,2222
1070,2222
1071,2222
1072,2222
1073,2222
1074,2222
1075,2222
1076,2222
1077,2222
1078,2222
1079,2222
1080,2222
1081,2222
1082,2222
1083,2222
1084,2222
1085,2222
1086,2222
1087,2222
1088,2222
1089,2222
1090,2222
1091,2222
1092,2222
1093,2222
1094,2222
1095,2222
1096,2222
1097,2222
1098,2222
1099,2222
1100,2222
1101,2222
1102,2222
1103,2222
1104,2222
1105,2222
1106,2222
1107,2222
1108,2222
1109,2222
1110,2222
1111,2222
1112,2222
1113,2222
1114,2222
1115,2222
1116,2222
1117,2222
1118,2222
1119,2222
1120,2222
1121,2222
1122,2222
1123,2222
1124,2222
1125,2222
1126,2222
1127,2222
1128,2222
1129,2222
1130,2222
1131,2222
1132,2222
1133,2222
1134,2222
1135,2222
1136,2222
1137,2222
1138,2222
1139,2222
1140,2222
1141,2222
1142,2222
1143,2222
1144,2222
1145,2222
1146,2222
1147,2222
1148,2222
1149,2222
1150,2222
1151,2222
1152,2222
1153,2222
1154,2222
1155,2222
1156,2222
1157,2222
1158,2222
1159,2222
1160,2222
1161,2222
1162,2222
1163,2222
1164,2222
1165,2222
1166,2222
1167,2222
1168,2222
1169,2222
1170,2222
1171,2222
1172,2222
1173,2222
1174,2222
1175,2222
1176,2222
1177,2222
1178,2222
1179,2222
1180,2222
1181,2222
1182,2222
1183,2222
1184,2222
1185,2222
1186,2222
1187,2222
1188,2222
1189,2222
1190,2222
1191,2222
1192,2222
1193,2222
1194,2222
1195,2222
1196,2222
1197,2222
1198,2222
1199,2222
1200,2222
1201,2222
1202,2222
1203,2222
1204,2222
1205,2222
1206,2222
1207,2222
1208,2222
1209,2222
1210,2222
1211,2222
1212,2222
1213,2222
1214,2222
1215,2222
1216,2222
1217,2222
1218,2222
1219,2222
1220,2222
1221,2222
1222,2222
1223,2222
1224,2222
1225,2222
1226,2222
1227,2222
1228,2222
1229,2222
1230,2222
1231,2222
1232,2222
1233,2222
1234,2222
1235,2222
1236,2222
1237,2222
1238,2222
1239,2222
1240,2222
1241,2222
1242,2222
1243,2222
1244,2222
1245,2222
1246,2222
1247,2222
1248,2222
1249,2222
1250,2222
1251,2222
1252,2222
1253,2222
1254,2222
1255,2222
1256,2222
1257,2222
1258,2222
1259,2222
1260,2222
1261,2222
1262,2222
1263,2222
1264,2222
1265,2222
1266,2222
1267,2222
1268,2222
1269,2222
1270,2222
1271,2222
1272,2222
1273,2222
1274,2222
1275,2222
1276,2222
1277,2222
1278,2222
1279,2222
1280,2222
1281,2222
1282,2222
1283,2222
1284,2222
1285,2222
1286,2222
1287,2222
1288,2222
1289,2222
1290,2222
1291,2222
1292,2222
1293,2222
1294,2222
1295,2222
1296,2222
1297,2222
1298,2222
1299,2222
1300,2222
1301,2222
1302,2222
1303,2222
1304,2222
1305,2222
1306,2222
1307,2222
1308,2222
1309,2222
1310,2222
1311,2222
1312,2222
1313,2222
1314,2222
1315,2222
1316,2222
1317,2222
1318,2222
1319,2222
1320,2222
1321,2222
1322,2222
1323,2222
1324,2222
1325,2222
1326,2222
1327,2222
1328,2222
1329,2222
1330,2222
1331,2222
1332,2222
1333,2222
1334,2222
1335,2222
1336,2222
1337,2222
1338,2222
1339,2222
1340,2222
1341,2222
1342,2222
1343,2222
1344,2222
1345,2222
1346,2222
1347,2222
1348,2222
1349,2222
1350,2222
1351,2222
1352,2222
1353,2222
1354,2222
1355,2222
1356,2222
1357,2222
1358,2222
1359,2222
1360,2222
1361,2222
1362,2222
1363,2222
1364,2222
1365,2222
1366,2222
1367,2222
1368,2222
1369,2222
1370,2222
1371,2222
1372,2222
1373,2222
1374,2222
1375,2222
1376,2222
1377,2222
1378,2222
1379,2222
1380,2222
1381,2222
1382,2222
1383,2222
1384,2222
1385,2222
1386,2222
1387,2222
1388,2222
1389,2222
1390,2222
1391,2222
1392,2222
1393,2222
1394,2222
1395,2222
1396,2222
1397,2222
1398,2222
1399,2222
1400,2222
1401,2222
1402,2222
1403,2222
1404,2222
1405,2222
1406,2222
1407,2222
1408,2222
1409,2222
1410,2222
1411,2222
1412,2222
1413,2222
1414,2222
1415,2222
1416,2222
1417,2222
1418,2222
1419,2222
1420,2222
1421,2222
1422,2222
1423,2222
1424,2222
1425,2222
1426,2222
1427,2222
1428,2222
1429,2222
1430,2222
1431,2222
1432,2222
1433,2222
1434,2222
1435,2222
1436,2222
1437,2222
1438,2222
1439,2222
1440,2222
1441,2222
1442,2222
1443,2222
1444,2222
1445,2222
1446,2222
1447,2222
1448,2222
1449,2222
1450,2222
1451,2222
1452,2222
1453,2222
1454,2222
1455,2222
1456,2222
1457,2222
1458,2222
1459,2222
1460,2222
1461,2222
1462,2222
1463,2222
1464,2222
1465,2222
1466,2222
1467,2222
1468,2222
1469,2222
1470,2222
1471,2222
1472,2222
1473,2222
1474,2222
1475,2222
1476,2222
1477,2222
1478,2222
1479,2222
1480,2222
1481,2222
1482,2222
1483,2222
1484,2222
1485,2222
1486,2222
1487,2222
1488,2222
1489,2222
1490,2222
1491,2222
1492,2222
1493,2222
1494,2222
1495,2222
1496,2222
1497,2222
1498,2222
1499,2222
1500,2222
1501,2222
1502,2222
1503,2222
1504,2222
1505,2222
1506,2222
1507,2222
1508,2222
1509,2222
1510,2222
1511,2222
1512,2222
1513,2222
1514,2222
1515,2222
1516,2222
1517,2222
1518,2222
1519,2222
1520,2222
1521,2222
1522,2222
1523,2222
1524,2222
1525,2222
1526,2222
1527,2222
1528,2222
1529,2222
1530,2222
1531,2222
1532,2222
1533,2222
1534,2222
1535,2222
1536,2222
1537,2222
1538,2222
1539,2222
1540,2222
1541,2222
1542,2222
1543,2222
1544,2222
1545,2222
1546,2222
1547,2222
1548,2222
1549,2222
1550,2222
1551,2222
1552,2222
1553,2222
1554,2222
1555,2222
1556,2222
1557,2222
1558,2222
1559,2222
1560,2222
1561,2222
1562,2222
1563,2222
1564,2222
1565,2222
1566,2222
1567,2222
1568,2222
1569,2222
1570,2222
1571,2222
1572,2222
1573,2222
1574,2222
1575,2222
1576,2222
1577,2222
1578,2222
1579,2222
1580,2222
1581,2222
1582,2222
1583,2222
1584,2222
1585,2222
1586,2222
1587,2222
1588,2222
1589,2222
1590,2222
1591,2222
1592,2222
1593,2222
1594,2222
1595,2222
1596,2222
1597,2222
1598,2222
1599,2222
1600,2222
1601,2222
1602,2222
1603,2222
1604,2222
1605,2222
1606,2222
1607,2222
1608,2222
1609,2222
1610,2222
1611,2222
1612,2222
1613,2222
1614,2222
1615,2222
1616,2222
1617,2222
1618,2222
1619,2222
1620,2222
1621,2222
1622,2222
1623,2222
1624,2222
1625,2222
1626,2222
1627,2222
1628,2222
1629,2222
1630,2222
1631,2222
1632,2222
1633,2222
1634,2222
1635,2222
1636,2222
1637,2222
1638,2222
1639,2222
1640,2222
1641,2222
1642,2222
1643,2222
1644,2222
1645,2222
1646,2222
1647,2222
1648,2222
1649,2222
1650,2222
1651,2222
1652,2222
1653,2222
1654,2222
1655,2222
1656,2222
1657,2222
1658,2222
1659,2222
1660,2222
1661,2222
1662,2222
1663,2222
1664,2222
1665,2222
1666,2222
1667,2222
1668,2222
1669,2222
1670,2222
1671,2222
1672,2222
1673,2222
1674,2222
1675,2222
1676,2222
1677,2222
1678,2222
1679,2222
1680,2222
1681,2222
1682,2222
1683,2222
1684,2222
1685,2222
1686,2222
1687,2222
1688,2222
1689,2222
1690,2222
1691,2222
1692,2222
1693,2222
1694,2222
1695,2222
1696,2222
1697,2222
1698,2222
1699,2222
1700,2222
1701,2222
1702,2222
1703,2222
1704,2222
1705,2222
1706,2222
1707,2222
1708,2222
1709,2222
1710,2222
1711,2222
1712,2222
1713,2222
1714,2222
1715,2222
1716,2222
1717,2222
1718,2222
1719,2222
1720,2222
1721,2222
1722,2222
1723,2222
1724,2222
1725,2222
1726,2222
1727,2222
1728,2222
1729,2222
1730,2222
1731,2222
1732,2222
1733,2222
1734,2222
1735,2222
1736,2222
1737,2222
1738,2222
1739,2222
1740,2222
1741,2222
1742,2222
1743,2222
1744,2222
1745,2222
1746,2222
1747,2222
1748,2222
1749,2222
1750,2222
1751,2222
1752,2222
1753,2222
1754,2222
1755,2222
1756,2222
1757,2222
1758,2222
1759,2222
1760,2222
1761,2222
1762,2222
1763,2222
1764,2222
1765,2222
1766,2222
1767,2222
1768,2222
1769,2222
1770,2222
1771,2222
1772,2222
1773,2222
1774,2222
1775,2222
1776,2222
1777,2222
1778,2222
1779,2222
1780,2222
1781,2222
1782,2222
1783,2222
1784,2222
1785,2222
1786,2222
1787,2222
1788,2222
1789,2222
1790,2222
1791,2222
1792,2222
1793,2222
1794,2222
1795,2222
1796,2222
1797,2222
1798,2222
1799,2222
1800,2222
1801,2222
1802,2222
1803,2222
1804,2222
1805,2222
1806,2222
1807,2222
1808,2222
1809,2222
1810,2222
1811,2222
1812,2222
1813,2222
1814,2222
1815,2222
1816,2222
1817,2222
1818,2222
1819,2222
1820,2222
1821,2222
1822,2222
1823,2222
1824,2222
1825,2222
1826,2222
1827,2222
1828,2222
1829,2222
1830,2222
1831,2222
1832,2222
1833,2222
1834,2222
1835,2222
1836,2222
1837,2222
1838,2222
1839,2222
1840,2222
1841,2222
1842,2222
1843,2222
1844,2222
1845,2222
1846,2222
1847,2222
1848,2222
1849,2222
1850,2222
1851,2222
1852,2222
1853,2222
1854,2222
1855,2222
1856,2222
1857,2222
1858,2222
1859,2222
1860,2222
1861,2222
1862,2222
1863,2222
1864,2222
1865,2222
1866,2222
1867,2222
1868,2222
1869,2222
1870,2222
1871,2222
1872,2222
1873,2222
1874,2222
1875,2222
1876,2222
1877,2222
1878,2222
1879,2222
1880,2222
1881,2222
1882,2222
1883,2222
1884,2222
1885,2222
1886,2222
1887,2222
1888,2222
1889,2222
1890,2222
1891,2222
1892,2222
1893,2222
1894,2222
1895,2222
1896,2222
1897,2222
1898,2222
1899,2222
1900,2222
1901,2222
1902,2222
1903,2222
1904,2222
1905,2222
1906,2222
1907,2222
1908,2222
1909,2222
1910,2222
1911,2222
1912,2222
1913,2222
1914,2222
1915,2222
1916,2222
1917,2222
1918,2222
1919,2222
1920,2222
1921,2222
1922,2222
1923,2222
1924,2222
1925,2222
1926,2222
1927,2222
1928,2222
1929,2222
1930,2222
1931,2222
1932,2222
1933,2222
1934,2222
1935,2222
1936,2222
1937,2222
1938,2222
1939,2222
1940,2222
1941,2222
1942,2222
1943,2222
1944,2222
1945,2222
1946,2222
1947,2222
1948,2222
1949,2222
1950,2222
1951,2222
1952,2222
1953,2222
1954,2222
1955,2222
1956,2222
1957,2222
1958,2222
1959,2222
1960,2222
1961,2222
1962,2222
1963,2222
1964,2222
1965,2222
1966,2222
1967,2222
1968,2222
1969,2222
1970,2222
1971,2222
1972,2222
1973,2222
1974,2222
1975,2222
1976,2222
1977,2222
1978,2222
1979,2222
1980,2222
1981,2222
1982,2222
1983,2222
1984,2222
1985,2222
1986,2222
1987,2222
1988,2222
1989,2222
1990,2222
1991,2222
1992,2222
1993,2222
1994,2222
1995,2222
1996,2222
1997,2222
1998,2222
1999,2222
2000,2222
2001,2222
2002,2222
2003,2222
2004,2222
2005,2222
2006,2222
2007,2222
2008,2222
2009,2222
2010,2222
2011,2222
2012,2222
2013,2222
2014,2222
2015,2222
2016,2222
2017,2222
2018,2222
2019,2222
2020,2222
2021,2222
2022,2222
2023,2222
2024,2222
2025,2222
2026,2222
2027,2222
2028,2222
2029,2222
2030,2222
2031,2222
2032,2222
2033,2222
2034,2222
2035,2222
2036,2222
2037,2222
2038,2222
2039,2222
2040,2222
2041,2222
2042,2222
2043,2222
2044,2222
2045,2222
2046,2222
2047,2222
2048,2222
2049,2222
2050,2222
2051,2222
2052,2222
2053,2222
2054,2222
2055,2222
2056,2222
2057,2222
2058,2222
2059,2222
2060,2222
2061,2222
2062,2222
2063,2222
2064,2222
2065,2222
2066,2222
2067,2222
2068,2222
2069,2222
2070,2222
2071,2222
2072,2222
2073,2222
2074,2222
2075,2222
2076,2222
2077,2222
2078,2222
2079,2222
2080,2222
2081,2222
2082,2222
2083,2222
2084,2222
2085,2222
2086,2222
2087,2222
2088,2222
2089,2222
2090,2222
2091,2222
2092,2222
2093,2222
2094,2222
2095,2222
2096,2222
2097,2222
2098,2222
2099,2222
2100,2222
2101,2222
2102,2222
2103,2222
2104,2222
2105,2222
2106,2222
2107,2222
2108,2222
2109,2222
2110,2222
2111,2222
2112,2222
2113,2222
2114,2222
2115,2222
2116,2222
2117,2222
2118,2222
2119,2222
2120,2222
2121,2222
2122,2222
2123,2222
2124,2222
2125,2222
2126,2222
2127,2222
2128,2222
2129,2222
2130,2222
2131,2222
2132,2222
2133,2222
2134,2222
2135,2222
2136,2222
2137,2222
2138,2222
2139,2222
2140,2222
2141,2222
2142,2222
2143,2222
2144,2222
2145,2222
2146,2222
2147,2222
2148,2222
2149,2222
2150,2222
2151,2222
2152,2222
2153,2222
2154,2222
2155,2222
2156,2222
2157,2222
2158,2222
2159,2222
2160,2222
2161,2222
2162,2222
2163,2222
2164,2222
2165,2222
2166,2222
2167,2222
2168,2222
2169,2222
2170,2222
2171,2222
2172,2222
2173,2222
2174,2222
2175,2222
2176,2222
2177,2222
2178,2222
2179,2222
2180,2222
2181,2222
2182,2222
2183,2222
2184,2222
2185,2222
2186,2222
2187,2222
2188,2222
2189,2222
2190,2222
2191,2222
2192,2222
2193,2222
2194,2222
2195,2222
2196,2222
2197,2222
2198,2222
2199,2222
2200,2222
2201,2222
2202,2222
2203,2222
2204,2222
2205,2222
2206,2222
2207,2222
2208,2222
2209,2222
2210,2222
2211,2222
2212,2222
2213,2222
2214,2222
2215,2222
2216,2222
2217,2222
2218,2222
2219,2222
2220,2222
2221,2222
2222,2222
2223,2222
2224,2222
2225,2222
2226,2222
2227,2222
2228,2222
2229,2222
2230,2222
2231,2222
2232,2222
2233,2222
2234,2222
2235,2222
2236,2222
2237,2222
2238,2222
2239,2222
2240,2222
2241,2222
2242,2222
2243,2222
2244,2222
2245,2222
2246,2222
2247,2222
2248,2222
2249,2222
2250,2222
2251,2222
2252,2222
2253,2222
2254,2222
2255,2222
2256,2222
2257,2222
2258,2222
2259,2222
2260,2222
2261,2222
2262,2222
2263,2222
2264,2222
2265,2222
2266,2222
2267,2222
2268,2222
2269,2222
2270,2222
2271,2222
2272,2222
2273,2222
2274,2222
2275,2222
2276,2222
2277,2222
2278,2222
2279,2222
2280,2222
2281,2222
2282,2222
2283,2222
2284,2222
2285,2222
2286,2222
2287,2222
2288,2222
2289,2222
2290,2222
2291,2222
2292,2222
2293,2222
2294,2222
2295,2222
2296,2222
2297,2222
2298,2222
2299,2222
2300,2222
2301,2222
2302,2222
2303,2222
2304,2222
2305,2222
2306,2222
2307,2222
2308,2222
2309,2222
2310,2222
2311,2222
2312,2222
2313,2222
2314,2222
2315,2222
2316,2222
2317,2222
2318,2222
2319,2222
2320,2222
2321,2222
2322,2222
2323,2222
2324,2222
2325,2222
2326,2222
2327,2222
2328,2222
2329,2222
2330,2222
2331,2222
2332,2222
2333,2222
2334,2222
2335,2222
2336,2222
2337,2222
2338,2222
2339,2222
2340,2222
2341,2222
2342,2222
2343,2222
2344,2222
2345,2222
2346,2222
2347,2222
2348,2222
2349,2222
2350,2222
2351,2222
2352,2222
2353,2222
2354,2222
2355,2222
2356,2222
2357,2222
2358,2222
2359,2222
2360,2222
2361,2222
2362,2222
2363,2222
2364,2222
2365,2222
2366,2222
2367,2222
2368,2222
2369,2222
2370,2222
2371,2222
2372,2222
2373,2222
2374,2222
2375,2222
2376,2222
2377,2222
2378,2222
2379,2222
2380,2222
2381,2222
2382,2222
2383,2222
2384,2222
2385,2222
2386,2222
2387,2222
2388,2222
2389,2222
2390,2222
2391,2222
2392,2222
2393,2222
2394,2222
2395,2222
2396,2222
2397,2222
2398,2222
2399,2222
2400,2222
2401,2222
2402,2222
2403,2222
2404,2222
2405,2222
2406,2222
2407,2222
2408,2222
2409,2222
2410,2222
2411,2222
2412,2222
2413,2222
2414,2222
2415,2222
2416,2222
2417,2222
2418,2222
2419,2222
2420,2222
2421,2222
2422,2222
2423,2222
2424,2222
2425,2222
2426,2222
2427,2222
2428,2222
2429,2222
2430,2222
2431,2222
2432,2222
2433,2222
2434,2222
2435,2222
2436,2222
2437,2222
2438,2222
2439,2222
2440,2222
2441,2222
2442,2222
2443,2222
2444,2222
2445,2222
2446,2222
2447,2222
2448,2222
2449,2222
2450,2222
2451,2222
2452,2222
2453,2222
2454,2222
2455,2222
2456,2222
2457,2222
2458,2222
2459,2222
2460,2222
2461,2222
2462,2222
2463,2222
2464,2222
2465,2222
2466,2222
2467,2222
2468,2222
2469,2222
2470,2222
2471,2222
2472,2222
2473,2222
2474,2222
2475,2222
2476,2222
2477,2222
2478,2222
2479,2222
2480,2222
2481,2222
2482,2222
2483,2222
2484,2222
2485,2222
2486,2222
2487,2222
2488,2222
2489,2222
2490,2222
2491,2222
2492,2222
2493,2222
2494,2222
2495,2222
2496,2222
2497,2222
2498,2222
2499,2222
2500,2222
2501,2222
2502,2222
2503,2222
2504,2222
2505,2222
2506,2222
2507,2222
2508,2222
2509,2222
2510,2222
2511,2222
2512,2222
2513,2222
2514,2222
2515,2222
2516,2222
2517,2222
2518,2222
2519,2222
2520,2222
2521,2222
2522,2222
2523,2222
2524,2222
2525,2222
2526,2222
2527,2222
2528,2222
2529,2222
2530,2222
2531,2222
2532,2222
2533,2222
2534,2222
2535,2222
2536,2222
2537,2222
2538,2222
2539,2222
2540,2222
2541,2222
2542,2222
2543,2222
2544,2222
2545,2222
2546,2222
2547,2222
2548,2222
2549,2222
2550,2222
2551,2222
2552,2222
2553,2222
2554,2222
2555,2222
2556,2222
2557,2222
2558,2222
2559,2222
2560,2222
2561,2222
2562,2222
2563,2222
2564,2222
2565,2222
2566,2222
2567,2222
2568,2222
2569,2222
2570,2222
2571,2222
2572,2222
2573,2222
2574,2222
2575,2222
2576,2222
2577,2222
2578,2222
2579,2222
2580,2222
2581,2222
2582,2222
2583,2222
2584,2222
2585,2222
2586,2222
2587,2222
2588,2222
2589,2222
2590,2222
2591,2222
2592,2222
2593,2222
2594,2222
2595,2222
2596,2222
2597,2222
2598,2222
2599,2222
2600,2222
2601,2222
2602,2222
2603,2222
2604,2222
2605,2222
2606,2222
2607,2222
2608,2222
2609,2222
2610,2222
2611,2222
2612,2222
2613,2222
2614,2222
2615,2222
2616,2222
2617,2222
2618,2222
2619,2222
2620,2222
2621,2222
2622,2222
2623,2222
2624,2222
2625,2222
2626,2222
2627,2222
2628,2222
2629,2222
2630,2222
2631,2222
2632,2222
2633,2222
2634,2222
2635,2222
2636,2222
2637,2222
2638,2222
2639,2222
2640,2222
2641,2222
2642,2222
2643,2222
2644,2222
2645,2222
2646,2222
2647,2222
2648,2222
2649,2222
2650,2222
2651,2222
2652,2222
2653,2222
2654,2222
2655,2222
2656,2222
2657,2222
2658,2222
2659,2222
2660,2222
2661,2222
2662,2222
2663,2222
2664,2222
2665,2222
2666,2222
2667,2222
2668,2222
2669,2222
2670,2222
2671,2222
2672,2222
2673,2222
2674,2222
2675,2222
2676,2222
2677,2222
2678,2222
2679,2222
2680,2222
2681,2222
2682,2222
2683,2222
2684,2222
2685,2222
2686,2222
2687,2222
2688,2222
2689,2222
2690,2222
2691,2222
2692,2222
2693,2222
2694,2222
2695,2222
2696,2222
2697,2222
2698,2222
2699,2222
2700,2222
2701,2222
2702,2222
2703,2222
2704,2222
2705,2222
2706,2222
2707,2222
2708,2222
2709,2222
2710,2222
2711,2222
2712,2222
2713,2222
2714,2222
2715,2222
2716,2222
2717,2222
2718,2222
2719,2222
2720,2222
2721,2222
2722,2222
2723,2222
2724,2222
2725,2222
2726,2222
2727,2222
2728,2222
2729,2222
2730,2222
2731,2222
2732,2222
2733,2222
2734,2222
2735,2222
2736,2222
2737,2222
2738,2222
2739,2222
2740,2222
2741,2222
2742,2222
2743,2222
2744,2222
2745,2222
2746,2222
2747,2222
2748,2222
2749,2222
2750,2222
2751,2222
2752,2222
2753,2222
2754,2222
2755,2222
2756,2222
2757,2222
2758,2222
2759,2222
2760,2222
2761,2222
2762,2222
2763,2222
2764,2222
2765,2222
2766,2222
2767,2222
2768,2222
2769,2222
2770,2222
2771,2222
2772,2222
2773,2222
2774,2222
2775,2222
2776,2222
2777,2222
2778,2222
2779,2222
2780,2222
2781,2222
2782,2222
2783,2222
2784,2222
2785,2222
2786,2222
2787,2222
2788,2222
2789,2222
2790,2222
2791,2222
2792,2222
2793,2222
2794,2222
2795,2222
2796,2222
2797,2222
2798,2222
2799,2222
2800,2222
2801,2222
2802,2222
2803,2222
2804,2222
2805,2222
2806,2222
2807,2222
2808,2222
2809,2222
2810,2222
2811,2222
2812,2222
2813,2222
2814,2222
2815,2222
2816,2222
2817,2222
2818,2222
2819,2222
2820,2222
2821,2222
2822,2222
2823,2222
2824,2222
2825,2222
2826,2222
2827,2222
2828,2222
2829,2222
2830,2222
2831,2222
2832,2222
2833,2222
2834,2222
2835,2222
2836,2222
2837,2222
2838,2222
2839,2222
2840,2222
2841,2222
2842,2222
2843,2222
2844,2222
2845,2222
2846,2222
2847,2222
2848,2222
2849,2222
2850,2222
2851,2222
2852,2222
2853,2222
2854,2222
2855,2222
2856,2222
2857,2222
2858,2222
2859,2222
2860,2222
2861,2222
2862,2222
2863,2222
2864,2222
2865,2222
2866,2222
2867,2222
2868,2222
2869,2222
2870,2222
2871,2222
2872,2222
2873,2222
2874,2222
2875,2222
2876,2222
2877,2222
2878,2222
2879,2222
2880,2222
2881,2222
2882,2222
2883,2222
2884,2222
2885,2222
2886,2222
2887,2222
2888,2222
2889,2222
2890,2222
2891,2222
2892,2222
2893,2222
2894,2222
2895,2222
2896,2222
2897,2222
2898,2222
2899,2222
2900,2222
2901,2222
2902,2222
2903,2222
2904,2222
2905,2222
2906,2222
2907,2222
2908,2222
2909,2222
2910,2222
2911,2222
2912,2222
2913,2222
2914,2222
2915,2222
2916,2222
2917,2222
2918,2222
2919,2222
2920,2222
2921,2222
2922,2222
2923,2222
2924,2222
2925,2222
2926,2222
2927,2222
2928,2222
2929,2222
2930,2222
2931,2222
2932,2222
2933,2222
2934,2222
2935,2222
2936,2222
2937,2222
2938,2222
2939,2222
2940,2222
2941,2222
2942,2222
2943,2222
2944,2222
2945,2222
2946,2222
2947,2222
2948,2222
2949,2222
2950,2222
2951,2222
2952,2222
2953,2222
2954,2222
2955,2222
2956,2222
2957,2222
2958,2222
2959,2222
2960,2222
2961,2222
2962,2222
2963,2222
2964,2222
2965,2222
2966,2222
2967,2222
2968,2222
2969,2222
2970,2222
2971,2222
2972,2222
2973,2222
2974,2222
2975,2222
2976,2222
2977,2222
2978,2222
2979,2222
2980,2222
2981,2222
2982,2222
2983,2222
2984,2222
2985,2222
2986,2222
2987,2222
2988,2222
2989,2222
2990,2222
2991,2222
2992,2222
2993,2222
2994,2222
2995,2222
2996,2222
2997,2222
2998,2222
2999,2222
3000,2222
3001,2222
3002,2222
3003,2222
3004,2222
3005,2222
3006,2222
3007,2222
3008,2222
3009,2222
3010,2222
3011,2222
3012,2222
3013,2222
3014,2222
3015,2222
3016,2222
3017,2222
3018,2222
3019,2222
3020,2222
3021,2222
3022,2222
3023,2222
3024,2222
3025,2222
3026,2222
3027,2222
3028,2222
3029,2222
3030,2222
3031,2222
3032,2222
3033,2222
3034,2222
3035,2222
3036,2222
3037,2222
3038,2222
3039,2222
3040,2222
3041,2222
3042,2222
3043,2222
3044,2222
3045,2222
3046,2222
3047,2222
3048,2222
3049,2222
3050,2222
3051,2222
3052,2222
3053,2222
3054,2222
3055,2222
3056,2222
3057,2222
3058,2222
3059,2222
3060,2222
3061,2222
3062,2222
3063,2222
3064,2222
3065,2222
3066,2222
3067,2222
3068,2222
3069,2222
3070,2222
3071,2222
3072,2222
3073,2222
3074,2222
3075,2222
3076,2222
3077,2222
3078,2222
3079,2222
3080,2222
3081,2222
3082,2222
3083,2222
3084,2222
3085,2222
3086,2222
3087,2222
3088,2222
3089,2222
3090,2222
3091,2222
3092,2222
3093,2222
3094,2222
3095,2222
3096,2222
3097,2222
3098,2222
3099,2222
3100,2222
3101,2222
3102,2222
3103,2222
3104,2222
3105,2222
3106,2222
3107,2222
3108,2222
3109,2222
3110,2222
3111,2222
3112,2222
3113,2222
3114,2222
3115,2222
3116,2222
3117,2222
3118,2222
3119,2222
3120,2222
3121,2222
3122,2222
3123,2222
3124,2222
3125,2222
3126,2222
3127,2222
3128,2222
3129,2222
3130,2222
3131,2222
3132,2222
3133,2222
3134,2222
3135,2222
3136,2222
3137,2222
3138,2222
3139,2222
3140,2222
3141,2222
3142,2222
3143,2222
3144,2222
3145,2222
3146,2222
3147,2222
3148,2222
3149,2222
3150,2222
3151,2222
3152,2222
3153,2222
3154,2222
3155,2222
3156,2222
3157,2222
3158,2222
3159,2222
3160,2222
3161,2222
3162,2222
3163,2222
3164,2222
3165,2222
3166,2222
3167,2222
3168,2222
3169,2222
3170,2222
3171,2222
3172,2222
3173,2222
3174,2222
3175,2222
3176,2222
3177,2222
3178,2222
3179,2222
3180,2222
3181,2222
3182,2222
3183,2222
3184,2222
3185,2222
3186,2222
3187,2222
3188,2222
3189,2222
3190,2222
3191,2222
3192,2222
3193,2222
3194,2222
3195,2222
3196,2222
3197,2222
3198,2222
3199,2222
3200,2222
3201,2222
3202,2222
3203,2222
3204,2222
3205,2222
3206,2222
3207,2222
3208,2222
3209,2222
3210,2222
3211,2222
3212,2222
3213,2222
3214,2222
3215,2222
3216,2222
3217,2222
3218,2222
3219,2222
3220,2222
3221,2222
3222,2222
3223,2222
3224,2222
3225,2222
3226,2222
3227,2222
3228,2222
3229,2222
3230,2222
3231,2222
3232,2222
3233,2222
3234,2222
3235,2222
3236,2222
3237,2222
3238,2222
3239,2222
3240,2222
3241,2222
3242,2222
3243,2222
3244,2222
3245,2222
3246,2222
3247,2222
3248,2222
3249,2222
3250,2222
3251,2222
3252,2222
3253,2222
3254,2222
3255,2222
3256,2222
3257,2222
3258,2222
3259,2222
3260,2222
3261,2222
3262,2222
3263,2222
3264,2222
3265,2222
3266,2222
3267,2222
3268,2222
3269,2222
3270,2222
3271,2222
3272,2222
3273,2222
3274,2222
3275,2222
3276,2222
3277,2222
3278,2222
3279,2222
3280,2222
3281,2222
3282,2222
3283,2222
3284,2222
3285,2222
3286,2222
3287,2222
3288,2222
3289,2222
3290,2222
3291,2222
3292,2222
3293,2222
3294,2222
3295,2222
3296,2222
3297,2222
3298,2222
3299,2222
3300,2222
3301,2222
3302,2222
3303,2222
3304,2222
3305,2222
3306,2222
3307,2222
3308,2222
3309,2222
3310,2222
3311,2222
3312,2222
3313,2222
3314,2222
3315,2222
3316,2222
3317,2222
3318,2222
3319,2222
3320,2222
3321,2222
3322,2222
3323,2222
3324,2222
3325,2222
3326,2222
3327,2222
3328,2222
3329,2222
3330,2222
3331,2222
3332,2222
3333,2222
3334,2222
3335,2222
3336,2222
3337,2222
3338,2222
3339,2222
3340,2222
3341,2222
3342,2222
3343,2222
3344,2222
3345,2222
3346,2222
3347,2222
3348,2222
3349,2222
3350,2222
3351,2222
3352,2222
3353,2222
3354,2222
3355,2222
3356,2222
3357,2222
3358,2222
3359,2222
3360,2222
3361,2222
3362,2222
3363,2222
3364,2222
3365,2222
3366,2222
3367,2222
3368,2222
3369,2222
3370,2222
3371,2222
3372,2222
3373,2222
3374,2222
3375,2222
3376,2222
3377,2222
3378,2222
3379,2222
3380,2222
3381,2222
3382,2222
3383,2222
3384,2222
3385,2222
3386,2222
3387,2222
3388,2222
3389,2222
3390,2222
3391,2222
3392,2222
3393,2222
3394,2222
3395,2222
3396,2222
3397,2222
3398,2222
3399,2222
3400,2222
3401,2222
3402,2222
3403,2222
3404,2222
3405,2222
3406,2222
3407,2222
3408,2222
3409,2222
3410,2222
3411,2222
3412,2222
3413,2222
3414,2222
3415,2222
3416,2222
3417,2222
3418,2222
3419,2222
3420,2222
3421,2222
3422,2222
3423,2222
3424,2222
3425,2222
3426,2222
3427,2222
3428,2222
3429,2222
3430,2222
3431,2222
3432,2222
3433,2222
3434,2222
3435,2222
3436,2222
3437,2222
3438,2222
3439,2222
3440,2222
3441,2222
3442,2222
3443,2222
3444,2222
3445,2222
3446,2222
3447,2222
3448,2222
3449,2222
3450,2222
3451,2222
3452,2222
3453,2222
3454,2222
3455,2222
3456,2222
3457,2222
3458,2222
3459,2222
3460,2222
3461,2222
3462,2222
3463,2222
3464,2222
3465,2222
3466,2222
3467,2222
3468,2222
3469,2222
3470,2222
3471,2222
3472,2222
3473,2222
3474,2222
3475,2222
3476,2222
3477,2222
3478,2222
3479,2222
3480,2222
3481,2222
3482,2222
3483,2222
3484,2222
3485,2222
3486,2222
3487,2222
3488,2222
3489,2222
3490,2222
3491,2222
3492,2222
3493,2222
3494,2222
3495,2222
3496,2222
3497,2222
3498,2222
3499,2222
3500,2222
3501,2222
3502,2222
3503,2222
3504,2222
3505,2222
3506,2222
3507,2222
3508,2222
3509,2222
3510,2222
3511,2222
3512,2222
3513,2222
3514,2222
3515,2222
3516,2222
3517,2222
3518,2222
3519,2222
3520,2222
3521,2222
3522,2222
3523,2222
3524,2222
3525,2222
3526,2222
3527,2222
3528,2222
3529,2222
3530,2222
3531,2222
3532,2222
3533,2222
3534,2222
3535,2222
3536,2222
3537,2222
3538,2222
3539,2222
3540,2222
3541,2222
3542,2222
3543,2222
3544,2222
3545,2222
3546,2222
3547,2222
3548,2222
3549,2222
3550,2222
3551,2222
3552,2222
3553,2222
3554,2222
3555,2222
3556,2222
3557,2222
3558,2222
3559,2222
3560,2222
3561,2222
3562,2222
3563,2222
3564,2222
3565,2222
3566,2222
3567,2222
3568,2222
3569,2222
3570,2222
3571,2222
3572,2222
3573,2222
3574,2222
3575,2222
3576,2222
3577,2222
3578,2222
3579,2222
3580,2222
3581,2222
3582,2222
3583,2222
3584,2222
3585,2222
3586,2222
3587,2222
3588,2222
3589,2222
3590,2222
3591,2222
3592,2222
3593,2222
3594,2222
3595,2222
3596,2222
3597,2222
3598,2222
3599,2222
3600,2222
3601,2222
3602,2222
3603,2222
3604,2222
3605,2222
3606,2222
3607,2222
3608,2222
3609,2222
3610,2222
3611,2222
3612,2222
3613,2222
3614,2222
3615,2222
3616,2222
3617,2222
3618,2222
3619,2222
3620,2222
3621,2222
3622,2222
3623,2222
3624,2222
3625,2222
3626,2222
3627,2222
3628,2222
3629,2222
3630,2222
3631,2222
3632,2222
3633,2222
3634,2222
3635,2222
3636,2222
3637,2222
3638,2222
3639,2222
3640,2222
3641,2222
3642,2222
3643,2222
3644,2222
3645,2222
3646,2222
3647,2222
3648,2222
3649,2222
3650,2222
3651,2222
3652,2222
3653,2222
3654,2222
3655,2222
3656,2222
3657,2222
3658,2222
3659,2222
3660,2222
3661,2222
3662,2222
3663,2222
3664,2222
3665,2222
3666,2222
3667,2222
3668,2222
3669,2222
3670,2222
3671,2222
3672,2222
3673,2222
3674,2222
3675,2222
3676,2222
3677,2222
3678,2222
3679,2222
3680,2222
3681,2222
3682,2222
3683,2222
3684,2222
3685,2222
3686,2222
3687,2222
3688,2222
3689,2222
3690,2222
3691,2222
3692,2222
3693,2222
3694,2222
3695,2222
3696,2222
3697,2222
3698,2222
3699,2222
3700,2222
3701,2222
3702,2222
3703,2222
3704,2222
3705,2222
3706,2222
3707,2222
3708,2222
3709,2222
3710,2222
3711,2222
3712,2222
3713,2222
3714,2222
3715,2222
3716,2222
3717,2222
3718,2222
3719,2222
3720,2222
3721,2222
3722,2222
3723,2222
3724,2222
3725,2222
3726,2222
3727,2222
3728,2222
3729,2222
3730,2222
3731,2222
3732,2222
3733,2222
3734,2222
3735,2222
3736,2222
3737,2222
3738,2222
3739,2222
3740,2222
3741,2222
3742,2222
3743,2222
3744,2222
3745,2222
3746,2222
3747,2222
3748,2222
3749,2222
3750,2222
3751,2222
3752,2222
3753,2222
3754,2222
3755,2222
3756,2222
3757,2222
3758,2222
3759,2222
3760,2222
3761,2222
3762,2222
3763,2222
3764,2222
3765,2222
3766,2222
3767,2222
3768,2222
3769,2222
3770,2222
3771,2222
3772,2222
3773,2222
3774,2222
3775,2222
3776,2222
3777,2222
3778,2222
3779,2222
3780,2222
3781,2222
3782,2222
3783,2222
3784,2222
3785,2222
3786,2222
3787,2222
3788,2222
3789,2222
3790,2222
3791,2222
3792,2222
3793,2222
3794,2222
3795,2222
3796,2222
3797,2222
3798,2222
3799,2222
3800,2222
3801,2222
3802,2222
3803,2222
3804,2222
3805,2222
3806,2222
3807,2222
3808,2222
3809,2222
3810,2222
3811,2222
3812,2222
3813,2222
3814,2222
3815,2222
3816,2222
3817,2222
3818,2222
3819,2222
3820,2222
3821,2222
3822,2222
3823,2222
3824,2222
3825,2222
3826,2222
3827,2222
3828,2222
3829,2222
3830,2222
3831,2222
3832,2222
3833,2222
3834,2222
3835,2222
3836,2222
3837,2222
3838,2222
3839,2222
3840,2222
3841,2222
3842,2222
3843,2222
3844,2222
3845,2222
3846,2222
3847,2222
3848,2222
3849,2222
3850,2222
3851,2222
3852,2222
3853,2222
3854,2222
3855,2222
3856,2222
3857,2222
3858,2222
3859,2222
3860,2222
3861,2222
3862,2222
3863,2222
3864,2222
3865,2222
3866,2222
3867,2222
3868,2222
3869,2222
3870,2222
3871,2222
3872,2222
3873,2222
3874,2222
3875,2222
3876,2222
3877,2222
3878,2222
3879,2222
3880,2222
3881,2222
3882,2222
3883,2222
3884,2222
3885,2222
3886,2222
3887,2222
3888,2222
3889,2222
3890,2222
3891,2222
3892,2222
3893,2222
3894,2222
3895,2222
3896,2222
3897,2222
3898,2222
3899,2222
3900,2222
3901,2222
3902,2222
3903,2222
3904,2222
3905,2222
3906,2222
3907,2222
3908,2222
3909,2222
3910,2222
3911,2222
3912,2222
3913,2222
3914,2222
3915,2222
3916,2222
3917,2222
3918,2222
3919,2222
3920,2222
3921,2222
3922,2222
3923,2222
3924,2222
3925,2222
3926,2222
3927,2222
3928,2222
3929,2222
3930,2222
3931,2222
3932,2222
3933,2222
3934,2222
3935,2222
3936,2222
3937,2222
3938,2222
3939,2222
3940,2222
3941,2222
3942,2222
3943,2222
3944,2222
3945,2222
3946,2222
3947,2222
3948,2222
3949,2222
3950,2222
3951,2222
3952,2222
3953,2222
3954,2222
3955,2222
3956,2222
3957,2222
3958,2222
3959,2222
3960,2222
3961,2222
3962,2222
3963,2222
3964,2222
3965,2222
3966,2222
3967,2222
3968,2222
3969,2222
3970,2222
3971,2222
3972,2222
3973,2222
3974,2222
3975,2222
3976,2222
3977,2222
3978,2222
3979,2222
3980,2222
3981,2222
3982,2222
3983,2222
3984,2222
3985,2222
3986,2222
3987,2222
3988,2222
3989,2222
3990,2222
3991,2222
3992,2222
3993,2222
3994,2222
3995,2222
3996,2222
3997,2222
3998,2222
3999,2222
4000,2222
4001,2222
4002,2222
4003,2222
4004,2222
4005,2222
4006,2222
4007,2222
4008,2222
4009,2222
4010,2222
4011,2222
4012,2222
4013,2222
4014,2222
4015,2222
4016,2222
4017,2222
4018,2222
4019,2222
4020,2222
4021,2222
4022,2222
4023,2222
4024,2222
4025,2222
4026,2222
4027,2222
4028,2222
4029,2222
4030,2222
4031,2222
4032,2222
4033,2222
4034,2222
4035,2222
4036,2222
4037,2222
4038,2222
4039,2222
4040,2222
4041,2222
4042,2222
4043,2222
4044,2222
4045,2222
4046,2222
4047,2222
4048,2222
4049,2222
4050,2222
4051,2222
4052,2222
4053,2222
4054,2222
4055,2222
4056,2222
4057,2222
4058,2222
4059,2222
4060,2222
4061,2222
4062,2222
4063,2222
4064,2222
4065,2222
4066,2222
4067,2222
4068,2222
4069,2222
4070,2222
4071,2222
4072,2222
4073,2222
4074,2222
4075,2222
4076,2222
4077,2222
4078,2222
4079,2222
4080,2222
4081,2222
4082,2222
4083,2222
4084,2222
4085,2222
4086,2222
4087,2222
4088,2222
4089,2222
4090,2222
4091,2222
4092,2222
4093,2222
4094,2222
4095,2222
4096,2222
4097,2222
4098,2222
4099,2222
4100,2222
4101,2222
4102,2222
4103,2222
4104,2222
4105,2222
4106,2222
4107,2222
4108,2222
4109,2222
4110,2222
4111,2222
4112,2222
4113,2222
4114,2222
4115,2222
4116,2222
4117,2222
4118,2222
4119,2222
4120,2222
4121,2222
4122,2222
4123,2222
4124,2222
4125,2222
4126,2222
4127,2222
4128,2222
4129,2222
4130,2222
4131,2222
4132,2222
4133,2222
4134,2222
4135,2222
4136,2222
4137,2222
4138,2222
4139,2222
4140,2222
4141,2222
4142,2222
4143,2222
4144,2222
4145,2222
4146,2222
4147,2222
4148,2222
4149,2222
4150,2222
4151,2222
4152,2222
4153,2222
4154,2222
4155,2222
4156,2222
4157,2222
4158,2222
4159,2222
4160,2222
4161,2222
4162,2222
4163,2222
4164,2222
4165,2222
4166,2222
4167,2222
4168,2222
4169,2222
4170,2222
4171,2222
4172,2222
4173,2222
4174,2222
4175,2222
4176,2222
4177,2222
4178,2222
4179,2222
4180,2222
4181,2222
4182,2222
4183,2222
4184,2222
4185,2222
4186,2222
4187,2222
4188,2222
4189,2222
4190,2222
4191,2222
4192,2222
4193,2222
4194,2222
4195,2222
4196,2222
4197,2222
4198,2222
4199,2222
4200,2222
4201,2222
4202,2222
4203,2222
4204,2222
4205,2222
4206,2222
4207,2222
4208,2222
4209,2222
4210,2222
4211,2222
4212,2222
4213,2222
4214,2222
4215,2222
4216,2222
4217,2222
4218,2222
4219,2222
4220,2222
4221,2222
4222,2222
4223,2222
4224,2222
4225,2222
4226,2222
4227,2222
4228,2222
4229,2222
4230,2222
4231,2222
4232,2222
4233,2222
4234,2222
4235,2222
4236,2222
4237,2222
4238,2222
4239,2222
4240,2222
4241,2222
4242,2222
4243,2222
4244,2222
4245,2222
4246,2222
4247,2222
4248,2222
4249,2222
4250,2222
4251,2222
4252,2222
4253,2222
4254,2222
4255,2222
4256,2222
4257,2222
4258,2222
4259,2222
4260,2222
4261,2222
4262,2222
4263,2222
4264,2222
4265,2222
4266,2222
4267,2222
4268,2222
4269,2222
4270,2222
4271,2222
4272,2222
4273,2222
4274,2222
4275,2222
4276,2222
4277,2222
4278,2222
4279,2222
4280,2222
4281,2222
4282,2222
4283,2222
4284,2222
4285,2222
4286,2222
4287,2222
4288,2222
4289,2222
4290,2222
4291,2222
4292,2222
4293,2222
4294,2222
4295,2222
4296,2222
4297,2222
4298,2222
4299,2222
4300,2222
4301,2222
4302,2222
4303,2222
4304,2222
4305,2222
4306,2222
4307,2222
4308,2222
4309,2222
4310,2222
4311,2222
4312,2222
4313,2222
4314,2222
4315,2222
4316,2222
4317,2222
4318,2222
4319,2222
4320,2222
4321,2222
4322,2222
4323,2222
4324,2222
4325,2222
4326,2222
4327,2222
4328,2222
4329,2222
4330,2222
4331,2222
4332,2222
4333,2222
4334,2222
4335,2222
4336,2222
4337,2222
4338,2222
4339,2222
4340,2222
4341,2222
4342,2222
4343,2222
4344,2222
4345,2222
4346,2222
4347,2222
4348,2222
4349,2222
4350,2222
4351,2222
4352,2222
4353,2222
4354,2222
4355,2222
4356,2222
4357,2222
4358,2222
4359,2222
4360,2222
4361,2222
4362,2222
4363,2222
4364,2222
4365,2222
4366,2222
4367,2222
4368,2222
4369,2222
4370,2222
4371,2222
4372,2222
4373,2222
4374,2222
4375,2222
4376,2222
4377,2222
4378,2222
4379,2222
4380,2222
4381,2222
4382,2222
4383,2222
4384,2222
4385,2222
4386,2222
4387,2222
4388,2222
4389,2222
4390,2222
4391,2222
4392,2222
4393,2222
4394,2222
4395,2222
4396,2222
4397,2222
4398,2222
4399,2222
4400,2222
4401,2222
4402,2222
4403,2222
4404,2222
4405,2222
4406,2222
4407,2222
4408,2222
4409,2222
4410,2222
4411,2222
4412,2222
4413,2222
4414,2222
4415,2222
4416,2222
4417,2222
4418,2222
4419,2222
4420,2222
4421,2222
4422,2222
4423,2222
4424,2222
4425,2222
4426,2222
4427,2222
4428,2222
4429,2222
4430,2222
4431,2222
4432,2222
4433,2222
4434,2222
4435,2222
4436,2222
4437,2222
4438,2222
4439,2222
4440,2222
4441,2222
4442,2222
4443,2222
4444,2222
4445,2222
4446,2222
4447,2222
4448,2222
4449,2222
4450,2222
4451,2222
4452,2222
4453,2222
4454,2222
4455,2222
4456,2222
4457,2222
4458,2222
4459,2222
4460,2222
4461,2222
4462,2222
4463,2222
4464,2222
4465,2222
4466,2222
4467,2222
4468,2222
4469,2222
4470,2222
4471,2222
4472,2222
4473,2222
4474,2222
4475,2222
4476,2222
4477,2222
4478,2222
4479,2222
4480,2222
4481,2222
4482,2222
4483,2222
4484,2222
4485,2222
4486,2222
4487,2222
4488,2222
4489,2222
4490,2222
4491,2222
4492,2222
4493,2222
4494,2222
4495,2222
4496,2222
4497,2222
4498,2222
4499,2222
4500,2222
4501,2222
4502,2222
4503,2222
4504,2222
4505,2222
4506,2222
4507,2222
4508,2222
4509,2222
4510,2222
4511,2222
4512,2222
4513,2222
4514,2222
4515,2222
4516,2222
4517,2222
4518,2222
4519,2222
4520,2222
4521,2222
4522,2222
4523,2222
4524,2222
4525,2222
4526,2222
4527,2222
4528,2222
4529,2222
4530,2222
4531,2222
4532,2222
4533,2222
4534,2222
4535,2222
4536,2222
4537,2222
4538,2222
4539,2222
4540,2222
4541,2222
4542,2222
4543,2222
4544,2222
4545,2222
4546,2222
4547,2222
4548,2222
4549,2222
4550,2222
4551,2222
4552,2222
4553,2222
4554,2222
4555,2222
4556,2222
4557,2222
4558,2222
4559,2222
4560,2222
4561,2222
4562,2222
4563,2222
4564,2222
4565,2222
4566,2222
4567,2222
4568,2222
4569,2222
4570,2222
4571,2222
4572,2222
4573,2222
4574,2222
4575,2222
4576,2222
4577,2222
4578,2222
4579,2222
4580,2222
4581,2222
4582,2222
4583,2222
4584,2222
4585,2222
4586,2222
4587,2222
4588,2222
4589,2222
4590,2222
4591,2222
4592,2222
4593,2222
4594,2222
4595,2222
4596,2222
4597,2222
4598,2222
4599,2222
4600,2222
4601,2222
4602,2222
4603,2222
4604,2222
4605,2222
4606,2222
4607,2222
4608,2222
4609,2222
4610,2222
4611,2222
4612,2222
4613,2222
4614,2222
4615,2222
4616,2222
4617,2222
4618,2222
4619,2222
4620,2222
4621,2222
4622,2222
4623,2222
4624,2222
4625,2222
4626,2222
4627,2222
4628,2222
4629,2222
4630,2222
4631,2222
4632,2222
4633,2222
4634,2222
4635,2222
4636,2222
4637,2222
4638,2222
4639,2222
4640,2222
4641,2222
4642,2222
4643,2222
4644,2222
4645,2222
4646,2222
4647,2222
4648,2222
4649,2222
4650,2222
4651,2222
4652,2222
4653,2222
4654,2222
4655,2222
4656,2222
4657,2222
4658,2222
4659,2222
4660,2222
4661,2222
4662,2222
4663,2222
4664,2222
4665,2222
4666,2222
4667,2222
4668,2222
4669,2222
4670,2222
4671,2222
4672,2222
4673,2222
4674,2222
4675,2222
4676,2222
4677,2222
4678,2222
4679,2222
4680,2222
4681,2222
4682,2222
4683,2222
4684,2222
4685,2222
4686,2222
4687,2222
4688,2222
4689,2222
4690,2222
4691,2222
4692,2222
4693,2222
4694,2222
4695,2222
4696,2222
4697,2222
4698,2222
4699,2222
4700,2222
4701,2222
4702,2222
4703,2222
4704,2222
4705,2222
4706,2222
4707,2222
4708,2222
4709,2222
4710,2222
4711,2222
4712,2222
4713,2222
4714,2222
4715,2222
4716,2222
4717,2222
4718,2222
4719,2222
4720,2222
4721,2222
4722,2222
4723,2222
4724,2222
4725,2222
4726,2222
4727,2222
4728,2222
4729,2222
4730,2222
4731,2222
4732,2222
4733,2222
4734,2222
4735,2222
4736,2222
4737,2222
4738,2222
4739,2222
4740,2222
4741,2222
4742,2222
4743,2222
4744,2222
4745,2222
4746,2222
4747,2222
4748,2222
4749,2222
4750,2222
4751,2222
4752,2222
4753,2222
4754,2222
4755,2222
4756,2222
4757,2222
4758,2222
4759,2222
4760,2222
4761,2222
4762,2222
4763,2222
4764,2222
4765,2222
4766,2222
4767,2222
4768,2222
4769,2222
4770,2222
4771,2222
4772,2222
4773,2222
4774,2222
4775,2222
4776,2222
4777,2222
4778,2222
4779,2222
4780,2222
4781,2222
4782,2222
4783,2222
4784,2222
4785,2222
4786,2222
4787,2222
4788,2222
4789,2222
4790,2222
4791,2222
4792,2222
4793,2222
4794,2222
4795,2222
4796,2222
4797,2222
4798,2222
4799,2222
4800,2222
4801,2222
4802,2222
4803,2222
4804,2222
4805,2222
4806,2222
4807,2222
4808,2222
4809,2222
4810,2222
4811,2222
4812,2222
4813,2222
4814,2222
4815,2222
4816,2222
4817,2222
4818,2222
4819,2222
4820,2222
4821,2222
4822,2222
4823,2222
4824,2222
4825,2222
4826,2222
4827,2222
4828,2222
4829,2222
4830,2222
4831,2222
4832,2222
4833,2222
4834,2222
4835,2222
4836,2222
4837,2222
4838,2222
4839,2222
4840,2222
4841,2222
4842,2222
4843,2222
4844,2222
4845,2222
4846,2222
4847,2222
4848,2222
4849,2222
4850,2222
4851,2222
4852,2222
4853,2222
4854,2222
4855,2222
4856,2222
4857,2222
4858,2222
4859,2222
4860,2222
4861,2222
4862,2222
4863,2222
4864,2222
4865,2222
4866,2222
4867,2222
4868,2222
4869,2222
4870,2222
4871,2222
4872,2222
4873,2222
4874,2222
4875,2222
4876,2222
4877,2222
4878,2222
4879,2222
4880,2222
4881,2222
4882,2222
4883,2222
4884,2222
4885,2222
4886,2222
4887,2222
4888,2222
4889,2222
4890,2222
4891,2222
4892,2222
4893,2222
4894,2222
4895,2222
4896,2222
4897,2222
4898,2222
4899,2222
4900,2222
4901,2222
4902,2222
4903,2222
4904,2222
4905,2222
4906,2222
4907,2222
4908,2222
4909,2222
4910,2222
4911,2222
4912,2222
4913,2222
4914,2222
4915,2222
4916,2222
4917,2222
4918,2222
4919,2222
4920,2222
4921,2222
4922,2222
4923,2222
4924,2222
4925,2222
4926,2222
4927,2222
4928,2222
4929,2222
4930,2222
4931,2222
4932,2222
4933,2222
4934,2222
4935,2222
4936,2222
4937,2222
4938,2222
4939,2222
4940,2222
4941,2222
4942,2222
4943,2222
4944,2222
4945,2222
4946,2222
4947,2222
4948,2222
4949,2222
4950,2222
4951,2222
4952,2222
4953,2222
4954,2222
4955,2222
4956,2222
4957,2222
4958,2222
4959,2222
4960,2222
4961,2222
4962,2222
4963,2222
4964,2222
4965,2222
4966,2222
4967,2222
4968,2222
4969,2222
4970,2222
4971,2222
4972,2222
4973,2222
4974,2222
4975,2222
4976,2222
4977,2222
4978,2222
4979,2222
4980,2222
4981,2222
4982,2222
4983,2222
4984,2222
4985,2222
4986,2222
4987,2222
4988,2222
4989,2222
4990,2222
4991,2222
4992,2222
4993,2222
4994,2222
4995,2222
4996,2222
4997,2222
4998,2222
4999,2222
